BPM
190
OFFSET
1.672
1011001000100010
0010001011101010
1011001000100010
0010001011101010
1110111011101110
1011100111111110
1010111010101110
1010101111111000
1011011011101000
1010101011100010
1011011011101000
1010101011100010
1011011011101000
1010101011100010
1011011111101010
1111111110001000
1010100010001010
0010100000001010
1000101010001010
1010101010001010
1010101000100010
0010101010001010
1010101000101010
0010001000101010
1110101000100010
0011100010101011
1010101110101010
1011101110001010
1110101000101011
1011111110001010
1011111010111110
1011101110111010
1000001010001000
1110111011101110
1110111010101010
1110111011101110
1000101011101110
1110111011101110
1110111010101010
1110111011101110
1000001010001000
1011101110111011
1011101101101010
1011101110111011
1011101101101010
1110111011011010
1110111011011010
1010101010101010
1010111110001000
1011101010001010
0000101010101011
1000111110111010
1000111110101010
1000101011011111
1000111010001000
1010101011111111
1010101010101010
1011001011100010
1011001011101110
1011001011100010
1011111111101111
1011001011101110
1010111001101010
1011001010111011
1110111011101000
1011001010101110
1011001010101110
1011001011111110
1011001110001111
1011101010111010
1011101010111010
1010101010101010
1111111111111111
1000000000000000
1000101010111010
1010111011111010
0010100010101010
1110101011101011
1011111110001010
1010101110111010
0011101010001010
1010101000101010
0010001000101111
1010111010100010
0011100010001010
1001101010011010
1011101010001010
1011101011101010
0011101010001010
1110111011101110
1111111110001000
1000000000000000
END